37.631670 127.080185 1 대학본부
37.632083 127.077907 2 다산관
37.632073 127.079401 3 창학관
37.631573 127.080996 4 제2창업보육센터
37.631490 127.081943 5 혜성관
37.633215 127.080681 6 청운관
37.634341 127.080179 7 서울테크노파크
37.634656 127.079290 8 창조관
37.633497 127.079171 10 파워플랜트
37.633063 127.077541 11 붕어방
37.631048 127.077536 13 정문
37.635286 127.077908 14 도예실습실
37.630817 127.076288 30 Seoultech어린이집
37.630873 127.076016 31 창업보육센터
37.631261 127.076161 32 프론티어관
37.632028 127.076450 33 하이테크관
37.633233 127.076792 34 중앙도서관
37.633569 127.076849 35 별관도서관
37.633240 127.077094 36 수연관
37.634035 127.076884 37 제1학생회관
37.634756 127.077449 38 국제관
37.634569 127.078115 39 다빈치관
37.635201 127.076831 40 어의관
37.636197 127.076135 41 불암학사
37.635711 127.076275 42 KB학사
37.635202 127.075995 43 성림학사
37.636282 127.075501 44 협동문
37.635967 127.076942 45 수림학사
37.634729 127.077126 46 누리학사
37.630919 127.078807 51 100주년기념관
37.630850 127.079550 52 제2학생회관
37.630884 127.079699 53 상상관
37.630040 127.080653 54 아름관
37.629373 127.079612 55 체육관
37.629191 127.080350 56 대륙관
37.630929 127.081577 57 무궁관
37.628666 127.081019 59 학군단
37.629363 127.081379 60 미래관
37.631405 127.082823 61 창의문(후문)
37.629697 127.079441 62 테크노큐브
37.629667 127.078790 63 축구장
37.631059 127.077574 99 교차로1
37.631247 127.079555 99 교차로2